#entry_id peka_list_id
6577 1
6577 2
6577 3
6850 1
6850 2
6929 1
6929 2
6929 3
6939 1
6939 2
6939 3
7083 1
7083 2
7092 1
7191 1
7191 2
15090 1
15090 2
15090 3
15133 1
15133 2
15153 1
15153 2
15190 1
15190 2
15190 3
15190 4
15265 1
15265 2
15265 3
15270 1
15270 2
15270 3
15270 4
15320 1
15320 2
15324 1
15333 1
15333 2
15333 3
15335 1
15335 2
15335 3
15339 1
15339 2
15339 3
15341 1
15343 1
15343 2
15344 1
15344 2
15350 1
15350 2
15350 3
15350 4
15356 1
15356 2
15356 3
15419 1
15419 2
15419 3
15419 4
15434 1
15434 2
15434 3
15434 4
15434 5
15468 1
15468 2
15482 1
15482 2
15482 3
15491 1
15491 2
15568 1
15568 2
15568 3
15573 1
15573 2
15573 3
15573 4
15576 1
15576 2
15576 3
15585 1
15585 2
15585 3
15595 1
15595 2
15603 1
15603 3
15603 4
15604 1
15604 2
15604 3
15611 1
15611 2
15611 3
15632 1
15632 2
15652 1
15652 2
15661 1
15661 2
15665 1
15674 1
15674 2
15674 3
15695 1
15695 2
15695 3
15700 1
15700 2
15700 3
15700 4
15701 1
15701 2
15701 3
15765 1
15765 2
15791 1
15791 2
15791 3
15811 1
15811 2
15819 1
15819 2
15821 1
15821 2
15823 1
15823 2
15823 3
15829 1
15829 2
15829 3
15829 4
15849 1
15849 2
15849 3
15850 1
15850 2
15863 1
15863 2
15916 1
15916 2
15916 3
15916 4
15943 1
15943 2
15943 3
15958 1
15958 2
15958 3
16018 1
16064 1
16064 2
16064 3
16089 1
16089 2
16093 1
16093 2
16096 1
16096 2
16102 1
16102 2
16102 3
16107 1
16107 2
16107 3
16107 4
16109 1
16109 2
16214 1
16214 2
16214 3
16216 1
16216 2
16251 1
16251 2
16251 3
16251 4
16255 1
16255 2
16264 1
16264 2
16264 3
16267 1
16267 2
16267 3
16267 4
16272 1
16272 2
16283 1
16283 2
16336 1
16336 2
16347 1
16347 2
16347 3
16348 1
16352 1
16352 2
16352 3
16368 1
16371 1
16371 2
16372 1
16372 2
16376 1
16376 2
16376 3
16382 1
16382 2
16382 3
16384 1
16384 2
16385 1
16385 2
16385 3
16390 1
16390 2
16390 3
16443 1
16443 2
16476 1
16476 2
16476 3
16486 1
16486 2
16486 3
16486 4
16490 1
16490 2
16491 1
16491 2
16491 3
16545 1
16545 2
16545 3
16549 1
16549 2
16549 3
16557 1
16557 2
16561 1
16561 2
16561 3
16569 1
16569 2
16569 3
16576 1
16576 2
16592 1
16592 2
16594 1
16594 2
16594 3
16620 1
16620 2
16620 3
16640 1
16640 2
16649 1
16649 2
16649 3
16674 1
16674 2
16681 1
16681 2
16681 3
16686 1
16686 2
16686 3
16691 1
16692 1
16692 2
16694 1
16694 3
16694 4
16694 5
16694 6
16694 7
16694 8
16694 9
16694 10
16792 1
16792 2
16794 1
16794 2
16794 3
16795 1
16795 2
16805 1
16805 2
16805 3
16806 1
16806 2
16806 3
16806 4
16806 5
16806 6
16808 1
16808 2
16810 1
16810 2
16810 3
16816 1
16816 2
16833 1
16833 2
16833 3
16833 4
16833 5
16833 6
16858 1
16858 2
16858 3
16858 4
16858 5
16859 1
16859 2
16859 3
16859 4
16859 5
16861 1
16861 2
16861 3
16861 4
16861 5
16863 1
16863 2
16863 3
16865 1
16865 2
16865 3
16865 4
16865 5
16878 1
16878 2
16926 1
16926 2
16934 1
16934 2
16934 3
16942 1
16942 2
16942 3
16979 1
16979 2
16979 3
16988 1
16988 2
16988 3
16991 1
16991 2
16991 3
16994 1
16997 1
16997 2
16997 3
16999 1
16999 2
16999 3
17008 1
17008 2
17008 3
17008 4
17008 5
17008 6
17017 1
17017 2
17021 1
17021 2
17021 3
17022 1
17022 2
17022 3
17025 1
17025 2
17025 3
17026 1
17026 2
17026 3
17030 1
17030 2
17030 3
17032 1
17032 2
17036 1
17036 2
17036 3
17086 1
17092 1
17092 2
17092 3
17132 1
17132 2
17132 3
17169 1
17169 2
17191 1
17191 2
17191 3
17192 1
17192 2
17192 3
17192 4
17207 1
17207 2
17207 3
17228 1
17229 1
17272 1
17272 2
17272 3
17280 1
17280 2
17280 3
17304 1
17304 2
17323 1
17323 2
17323 3
17345 1
17345 2
17345 3
17359 1
17359 2
17359 3
17392 1
17392 2
17392 3
17392 4
17392 5
17393 1
17393 2
17393 3
17393 4
17393 5
17688 1
17688 3
17753 1
17753 2
17753 3
17809 1
17809 2
17809 3
17952 1
17952 2
17965 1
17965 2
17965 3
17995 1
17995 2
17995 3
18053 1
18053 2
18053 3
18098 1
18098 2
18098 3
18337 1
18337 2
18438 1
18438 2
18438 3
18439 1
18439 2
18439 3
18439 4
18439 5
18468 1
18468 2
18468 3
18469 1
18487 1
18487 2
18489 1
18489 2
18496 1
18496 2
18496 3
18496 5
18496 7
18558 1
18558 2
18561 1
18561 2
18605 1
18605 2
18605 3
18661 1
18698 1
18698 2
18714 1
18714 2
18714 3
18735 1
18735 2
18735 3
18869 1
18869 2
18869 3
18869 4
18869 5
18976 1
18976 2
19068 1
19068 2
19068 3
19299 1
19299 2
19299 3
19327 1
19327 2
19327 3
19404 1
19404 2
19404 3
19562 1
19562 2
19562 3
19562 4
19562 5
19562 6
19562 7
19562 8
19562 9
19682 1
19682 2
19682 3
19684 1
19684 2
19684 3
20001 1
20051 1
20082 1
20082 2
20082 3
20082 4
20103 1
20104 1
21000 1
25018 1
25018 2
25018 3
25062 1
25062 2
25062 3
25165 1
25165 2
25165 3
25421 1
25421 2
25421 3
25611 1
25611 2
25612 1
25612 2
25662 1
25662 2
25664 1
25666 1
25666 2
25850 1
25850 2
25850 3
25868 1
25868 2
25868 3
27060 1
27261 1
30000 1
30009 1
30009 2
30009 3
30011 1
30011 2
30011 3
30033 1
30033 2
30079 1
30079 2
30079 3
30079 4
30089 1
30126 1
30126 2
30126 3
30128 1
30129 1
30149 1
30149 2
30149 3
30150 1
30150 2
30150 3
30153 1
30153 2
30178 1
30179 1
30185 1
30185 2
30186 1
30199 1
30199 2
30233 1
30315 1
30322 1
30322 2
34016 1
34017 1
34061 1
34061 2
34061 3
34064 1
34072 1
34072 2
34076 1
34113 1
34114 1
34167 1
34167 2
34167 3
